10 0.34085608120063704 0.25981308411214954 0.10664822172535267 0.20934579439252335
10 0.46998407515241214 0.28504672897196265 0.12860520855116056 0.24485981308411214
14 0.37849663004487916 0.5177570093457944 0.18820274422121064 0.18691588785046734
9 0.799861662940145 0.06542056074766354 0.08573680570077385 0.1308411214953271
9 0.8777566876317018 0.11401869158878507 0.07214438528479747 0.15700934579439255
15 0.8108401563530491 0.21495327102803738 0.10978493412903959 0.14579439252336449
0 0.07528109768848423 0.18317757009345798 0.11710392973764215 0.19065420560747665
1 0.9174883780784018 0.666355140186916 0.16206347419048697 0.6672897196261682
2 0.6038171377097173 0.5925233644859813 0.1348786333585342 0.8149532710280374
12 0.4145688226872778 0.1205607476635514 0.3858156256534819 0.2411214953271028
