9 0.5027777777777778 0.4472222222222223 0.11916146916146914 0.17592592592592587
9 0.6517296142296142 0.42870370370370375 0.10557288057288047 0.2166666666666667
13 0.5816961191961192 0.5981481481481481 0.1076634326634327 0.09999999999999992
0 0.4045218295218295 0.14629629629629629 0.09407484407484411 0.16296296296296298
0 0.7656647031647031 0.15462962962962962 0.10348232848232854 0.21666666666666665
10 0.050695888195888196 0.6342592592592592 0.028222453222453224 0.057407407407407546
10 0.09041637791637791 0.6398148148148148 0.03658466158466159 0.061111111111111074
10 0.07316932316932316 0.6787037037037037 0.03553938553938554 0.020370370370370382
11 0.9590407715407716 0.6722222222222223 0.021950796950796984 0.033333333333333284
11 0.9883085008085007 0.673148148148148 0.015679140679140603 0.02037037037037024
15 0.9741972741972742 0.7083333333333335 0.022996072996073025 0.024074074074074046
4 0.20696465696465693 0.687037037037037 0.05644490644490649 0.15185185185185177
