12 0.4848315522471035 0.3359223446838502 0.1374325659913049 0.06327177557943027
1 0.3793408431399063 0.3933078985646564 0.19658194452199368 0.2930191509023055
2 0.4229109195417429 0.284932241753506 0.26059218199678 0.1354640409737585
10 0.4666718624893205 0.35683420271433985 0.032449355859058074 0.017158447614760704
10 0.5115272322424763 0.36005141164210747 0.038175712775362455 0.017158447614760774
14 0.49342108762156 0.3745288518170619 0.02099664202644938 0.00750682083145783
6 0.49437548044094415 0.4077733440706608 0.2748651319826099 0.262738729101024
2 0.08119159940376336 0.12623667332294253 0.06718101887973382 0.07538059677905663
1 0.11747864428345962 0.13786157493550757 0.06992322308330166 0.08679427687462674
0 0.09572472818029552 0.12997125653487532 0.12911707521993349 0.07504258542401235
