11 0.14796796944708082 0.49720670391061456 0.03869127116284094 0.0856610800744879
11 0.2138477014270532 0.4767225325884544 0.059605471791403596 0.08193668528864066
15 0.18352211051563735 0.5912476722532588 0.09934245298567264 0.0800744878957169
9 0.6953971708997085 0.5074487895716946 0.04810266144569411 0.11359404096834268
13 0.6797115204282863 0.6135940409683427 0.04810266144569411 0.03910614525139671
1 0.5840290525526123 0.590316573556797 0.10561671317424136 0.21229050279329606
2 0.4156697374926829 0.5977653631284916 0.07215399216854124 0.21229050279329612
3 0.841273720283933 0.9124767225325884 0.13907943417994176 0.17504655493482318
0 0.15947077979279028 0.1499068901303538 0.11398239342566649 0.17690875232774672
5 0.057514051728547316 0.9031657355679701 0.11502810345709463 0.19366852886405966
