10 0.21353335604281334 0.4110535405872194 0.05834244700623316 0.07599309153713307
10 0.25553991788730124 0.40069084628670126 0.03500546820373987 0.08290155440414501
12 0.22170129862368598 0.31951640759930916 0.16569254949770218 0.14162348877374786
2 0.3830714781256653 0.4406712289287383 0.20207111930001204 0.4264248860575273
1 0.4412309527517663 0.34817213135217756 0.139456913889355 0.40081030731099715
9 0.6003437796941392 0.6390328151986183 0.031504921383365886 0.04835924006908471
9 0.6365160968380037 0.6329879101899827 0.052508202305609826 0.07081174438687406
10 0.7572849621409062 0.4360967184801382 0.03967286396423859 0.08117443868739209
10 0.7975412505752072 0.4430051813471502 0.04784080654511129 0.06044905008635574
12 0.651101708589562 0.5474956822107082 0.21003280922243944 0.15889464594127808
2 0.7088607311257329 0.7012089810017271 0.031504921383365886 0.19689119170984462
1 0.7771213941230256 0.7573402417962004 0.12835338341371283 0.07772020725388586
12 0.8313798698388223 0.3264248704663213 0.08984736838959904 0.10362694300518135
