10 0.290491118077325 0.6356826483118811 0.12957157784743992 0.1789328935988999
10 0.4263322884012539 0.6008378216636744 0.06896551724137936 0.21471947231867985
9 0.5768025078369906 0.38046783691555564 0.07523510971786827 0.18835041431463145
9 0.7027168234064786 0.4360312091383718 0.09717868338557992 0.15633084388114413
3 0.7371995820271683 0.27216634868464246 0.036572622779519295 0.1261947775908031
5 0.9258098223615465 0.8597492913409461 0.14838035527690693 0.28050141731810785
1 0.7361546499477535 0.858807539269373 0.17450365726227787 0.2823849214612541
2 0.12539184952978055 0.739205026179582 0.13375130616509925 0.521589947640836
0 0.1238244514106583 0.38611834934499456 0.17868338557993732 0.26745758832677674
0 0.44357366771159873 0.22602049717755776 0.09090909090909087 0.22225348889126512
