9 0.2682096639852311 0.45817843866171004 0.0658760578209339 0.11338289962825279
9 0.3523846267564245 0.45817843866171004 0.06901301295526416 0.0985130111524164
13 0.30846725487580184 0.5353159851301115 0.043917371880622585 0.04089219330855009
10 0.6530094937964008 0.4005576208178438 0.04078041674629233 0.11710037174721187
10 0.7251594618859951 0.38847583643122674 0.05332823728361319 0.0929368029739777
14 0.6911757812640847 0.4972118959107806 0.035552158189075554 0.042750929368029704
1 0.8004463851099196 0.4070631970260223 0.06796736124382079 0.19702602230483268
0 0.32206072712456596 0.1050185873605948 0.13593472248764146 0.17286245353159851
16 0.9787300019110188 0.6022304832713754 0.03973476503484918 0.657992565055762
16 0.030846725487580183 0.5995972785807896 0.061693450975160366 0.6260842532473425
5 0.595498649667014 0.9526022304832713 0.19135426319414145 0.09479553903345732
