10 0.6642612130221639 0.7219343696027632 0.050706962826119265 0.034542314335060526
10 0.7073621314243652 0.7150259067357513 0.0185925530362438 0.020725388601036343
14 0.6836988821055096 0.7512953367875648 0.025353481413059598 0.020725388601036343
10 0.7758165312396266 0.766839378238342 0.030424177695671517 0.03454231433506038
10 0.822297913830236 0.7633851468048359 0.028733945601467498 0.020725388601036343
14 0.7893383879932583 0.8013816925734024 0.03042417769567166 0.020725388601036343
10 0.8653988322324375 0.9516407599309153 0.037185106072487456 0.02763385146804822
10 0.9076546345875368 0.9516407599309153 0.02704371350726376 0.02763385146804822
14 0.8831462692215791 0.9853195164075993 0.02535348141305974 0.015544041450777257
12 0.6727123734931834 0.6778929188255616 0.13521856753631836 0.10535405872193468
12 0.7960993163700743 0.731433506044905 0.15212088847835814 0.11917098445595854
12 0.8890620815512931 0.9136442141623489 0.16564274523199005 0.11053540587219345
