12 0.6429337660086893 0.5500863557858376 0.20303171558169147 0.16407599309153717
2 0.7106110045359197 0.6917098445595855 0.03033807244324123 0.19170984455958545
1 0.7801852041524663 0.7692410360357789 0.13942752383974807 0.08246092612224999
12 0.8267124740783237 0.33333333333333337 0.08051257686860183 0.08981001727115714
9 0.6026774775743885 0.6303972366148531 0.03850601502411386 0.04835924006908456
9 0.6365160968380037 0.6303972366148533 0.04083971290436324 0.0552677029360968
10 0.7596186600211555 0.422279792746114 0.03967286396423859 0.09153713298791018
10 0.8004583729255188 0.4395509499136442 0.042006561844487894 0.07426597582037991
2 0.3803355018129348 0.429046315981288 0.1815378531370442 0.427602515563743
1 0.4411841710997752 0.34823942226548854 0.13710321331678016 0.3984401172560031
12 0.22111787415362363 0.3177892918825561 0.16452570055757745 0.16234887737478412
10 0.214700204982938 0.40069084628670126 0.0630098427667318 0.12089810017271155
10 0.25904046470767517 0.3929188255613126 0.03733916608398918 0.09499136442141626
