0 0.09561368546915315 0.8704663212435233 0.18233307461559436 0.25906735751295346
0 0.07115437058169538 0.17616580310880828 0.14230874116339076 0.29015544041450775
0 0.2640494220805102 0.23575129533678754 0.1634326949298316 0.2158894645941278
0 0.31685930649661226 0.09153713298791018 0.1045079817918651 0.15198618307426598
0 0.6270478907511905 0.6770293609671847 0.10228440771118706 0.1761658031088082
0 0.793815946802039 0.8575129533678756 0.20679238950305204 0.2849740932642487
9 0.7626859096725473 0.21157167530224527 0.03335361121016959 0.06390328151986183
9 0.7832539699188186 0.23575129533678754 0.030018250089152758 0.05699481865284973
1 0.8377284772377841 0.4071708375774478 0.14493542335363144 0.09929777849477744
1 0.9183360953200059 0.46373056994818657 0.0800486669044072 0.043177892918825546
1 0.8021543496045814 0.5431778929188255 0.0366889723311867 0.05008635578583771
1 0.5314342052820373 0.6951640759930916 0.04447148161355962 0.17789291882556127
1 0.02167984728661031 0.5224525043177892 0.03668897233118668 0.1640759930915371
2 0.13674980596169578 0.47668393782383417 0.031130037129491726 0.16234887737478418
2 0.5553376266493256 0.581174438687392 0.19678630614000134 0.0673575129533679
2 0.8455267966884604 0.5611909457376494 0.10212472042153536 0.12217904302072789
2 0.9806291514959663 0.5633228153514881 0.07250723202039552 0.14394750093363115
9 0.9322334333242432 0.5034542314335061 0.01890037968576294 0.03281519861830745
9 0.960028109332718 0.5094991364421416 0.023347527847118812 0.03799654576856646
9 0.8099368588869544 0.5690846286701209 0.014453231524406931 0.02590673575129536
9 0.8249459839315307 0.57426597582038 0.015565018564745826 0.022452504317789206
13 0.9400159426066161 0.5544041450777202 0.038912546411864785 0.04835924006908471
13 0.807157391286107 0.6122625215889465 0.031130037129491653 0.03281519861830745
9 0.634274506513394 0.4533678756476684 0.02334752784711874 0.07426597582038
9 0.6542866732394959 0.45250431778929184 0.021123953766440877 0.079447322970639
13 0.6387216546747498 0.5172711571675301 0.032241824169830624 0.036269430051813385
0 0.6759665205261061 0.2538860103626943 0.09783725954983112 0.17271157167530227
9 0.5297665247215289 0.4715025906735751 0.012229657443728854 0.02763385146804836
9 0.5419961821652578 0.47236614853195164 0.01445323152440686 0.025906735751295287
10 0.36688972331186676 0.4024179620034542 0.033353611210169734 0.13471502590673573
10 0.40691405676407044 0.4395509499136442 0.04447148161355962 0.10880829015544044
14 0.36133078811017183 0.5051813471502591 0.06226007425898352 0.07426597582037991
9 0.23180759791067945 0.45509499136442144 0.016676805605084867 0.02590673575129536
9 0.24570493591491682 0.4525043177892919 0.011117870403389922 0.024179620034542354
13 0.23792242663254393 0.4732297063903282 0.022235740806779772 0.020725388601036274
9 0.16899163013152652 0.48100172711571676 0.013341444484067893 0.029360967184801367
9 0.17844181997440792 0.47668393782383417 0.016676805605084867 0.020725388601036274
9 0.07504395647731629 0.5518134715025907 0.016676805605084857 0.022452504317789206
9 0.09172243082796669 0.5500863557858376 0.018900379685762855 0.022452504317789276
