10 0.6048244932513891 0.23402417962003455 0.055585620823978846 0.07081174438687392
10 0.6769534536063141 0.2322970639032815 0.06749682528626011 0.08462867012089809
12 0.6743065192813625 0.15457685664939552 0.32160252048159194 0.24352331606217617
1 0.6251098135146678 0.3753490988704334 0.3256645952600822 0.19643925580504878
2 0.5254545122507659 0.3857112002647589 0.16991423195236594 0.11477490514247947
10 0.29579491081331605 0.34283246977547494 0.025145876087038062 0.036269430051813385
10 0.32755812271273255 0.34542314335060453 0.025145876087038062 0.017271157167530263
14 0.31233825034426216 0.37737478411053543 0.026469343249513742 0.018998272884283338
12 0.31035304960054866 0.29965457685664937 0.09926003718567657 0.10535405872193433
1 0.37032365240983894 0.44010402089862694 0.26253941824317883 0.4371324442408522
2 0.3288815898752083 0.2305699481865285 0.1813150012591692 0.09499136442141626
6 0.3182938525754028 0.4525043177892919 0.23160675343324527 0.5181347150259067
16 0.9370147510327865 0.2538860103626943 0.0899957670483468 0.25561312607944736
16 0.08536910594497024 0.25215889464594116 0.08868324781644787 0.24179620034542296
16 0.5227695291778964 0.2357512953367876 0.0873488327233953 0.19170984455958553
