0 0.4339125855713533 0.5308788598574821 0.1071898073620445 0.33016627078384786
12 0.497814201498726 0.33254156769596194 0.11337383470985479 0.16152019002375298
12 0.547286420281208 0.3990498812351544 0.10925114981131458 0.18052256532066502
12 0.6379854880490918 0.528503562945368 0.10718980736204436 0.1591448931116389
12 0.6817890150960813 0.2945368171021377 0.13914061532573094 0.17102137767220896
9 0.47823144823066016 0.3646080760095012 0.018552082043430788 0.0451306413301662
9 0.5081209137450764 0.3812351543942992 0.014429397144890572 0.05463182897862225
10 0.6683902891758257 0.3752969121140141 0.02164409571733586 0.04750593824228026
10 0.7039484464257347 0.38242280285035624 0.020613424492701 0.04750593824228034
1 0.7472366378604065 0.34916864608076004 0.06596295837664272 0.19952494061757714
