10 0.4338297051688278 0.4101123595505618 0.08990205938438357 0.2097378277153558
10 0.5953398002256565 0.4082397003745319 0.10349190557039499 0.1872659176029963
14 0.5138007231095876 0.5777153558052435 0.08676594103376559 0.09550561797752813
1 0.7690847536772893 0.68738299266783 0.5125572006007931 0.4226381412553537
0 0.9397901324018701 0.47191011235955055 0.10244653278685562 0.21348314606741567
2 0.18189486433584584 0.31741573033707865 0.3637897286716917 0.1928838951310861
0 0.12753547959179998 0.6788389513108615 0.07944833154899016 0.12172284644194761
0 0.3120437758864941 0.249063670411985 0.04913252082634912 0.1235955056179775
0 0.2205736573268015 0.11704119850187258 0.10871876948809173 0.1479400749063669
0 0.08362982268314748 0.11516853932584269 0.08572056825022617 0.11048689138576774
0 0.7207845342503777 0.3061797752808989 0.04286028412511314 0.08801498127340825
0 0.9026793985862236 0.06554307116104868 0.0993104144362377 0.13108614232209737
0 0.6240875517729885 0.053370786516853924 0.1379892074271934 0.10674157303370785
